0.8310308080189923 14.263925134565053
9.417683191732444 13.891476510313877
-6.078941441705711 4.37521103499612
3.9083223139244443 -4.7587462051850515
-1.1243965210274265 -4.030114788285818
-2.030202653070929 -2.434990779556551
12.30365708133831 0.02236550727668085
-2.032599001567201 12.88080024442866
13.558639072875582 6.20129616109684
-5.1582897061997475 1.0489706919665078
2.528911032561993 -4.68402372104887
-3.3726726728581493 11.472042945453488
-4.774819475805426 0.36403777184993746
-1.4745024516079424 -3.3268205200477805
13.388358877240277 9.387453382841663
10.94080431522337 -1.955192275385559
-0.40138794249211696 -3.9822122307040644
2.971178667722419 -4.451803850288462
12.316792580592702 -0.33400216640301483
-5.43843506220022 2.5635927804985927
12.711145647912781 -0.20774644748304727
5.2791804980269985 -4.954918247567296
-2.8692785746356675 12.295300418601961
10.814093254943227 -1.629334138333789
-3.69968578207754 11.82728723915234
8.63308098083971 13.941761977895856
14.020433943521443 2.9221649641007406
13.515366217201526 7.8045660821526255
2.8079552673410753 14.892486429144476
13.06434898919213 8.654434058570422
5.848160020714616 14.685591338405215
-1.9592072716046305 -3.2767370728845275
-6.1381239575241455 6.649235156233882
13.13714944061496 1.119050676613635
-2.6435801311967833 -1.8284484709818525
14.226403261083037 6.348657656271764
-5.4495032541522725 1.103343994827152
-4.156483435686011 -0.8308337794330081
-5.792024133342677 6.016289336958678
12.25157645008204 9.82171786144685
0.5345494666104491 -4.489246191087545
-2.730633837251906 -2.983507445863035
-5.664970339706295 4.480460509220336
-5.258055574600245 8.39100341773445
7.949720862952448 -3.9467266558968923
-2.635747861641013 12.309876193824007
5.08200635604849 -4.451315236171874
4.444816281536805 -4.72525823882903
7.721164836363681 -4.353039849841959
-5.196290250187884 2.5007703743803393
10.366755783446811 -2.279053339333588
13.860054932960498 5.841201137830833
9.203481975572618 -3.0108407991250044
2.7213438350769055 -4.69040286699869
11.124457769283573 -2.603323573119927
8.273989552115228 -3.9164606749649753
-2.751098039354023 -1.7570750975631944
-1.4891441104779863 -3.540008267420392
14.170858893201721 3.9304865187665214
0.9597159198710346 14.875063284184955
9.29923064011047 -3.5325150835774366
-5.067581488095751 9.312494542880456
-3.204023703025876 11.468582437062233
-0.722237758252561 -3.3528699885501343
-4.2747503720268085 10.19812130107563
12.388847559264283 -1.0900338419466298
3.5613095028007713 14.85022691511244
8.58462882757933 13.855265137177074
12.318893393191772 -0.3229559188051807
10.50206810664909 12.714974061185977
-6.042277647629884 6.4339636829478835
-3.5093063566663227 11.168736993740303
4.309914264031802 -4.71577810204824
3.173986206609089 15.394119692724539
12.307095603411804 -0.1534112007057047
-4.876309952137451 1.5791591704836083
-5.7771235408109565 5.659461466444843
-5.774414331637937 2.8453214282139574
8.70340020903949 -3.4291604427369133
14.009834243575986 6.826167190158493
8.328279585178402 -3.8675860263899295
13.770967798900056 8.660239630190288
-4.301644534845773 10.830283569235196
-4.59036546962718 9.570115293360953
0.27298664890707736 -3.951422536757816
12.792544908654326 0.40017156841682944
3.2283997011523637 -4.915584608796735
-3.91135770130961 -1.3536154615618328
13.941481592329357 6.731701228353179
8.730600389583284 13.851323476856782
-6.102344089234801 6.635181465463102
12.4523106737201 10.93882292251958
-5.699335126568457 2.2896362325715875
-3.7719233830619334 10.726344719109001
-2.650034916108104 12.000497455383083
13.936960769928161 2.668743531512898
11.30138578111023 12.337206343743393
-2.9932754579233647 11.695352842203352
11.405921001501063 -1.579021091111061
11.02058092168193 -2.090238796855454
